Best path length found: 428.8717563920339, provided path length: 429.98331198338406, found in 21600 iterations
Best parameters: temp: 0.8800000000000001, chain: 600
[[102.40113292  91.37416006  91.03830197  90.3369744   88.97063179
   88.83341615  87.39339711  88.64938334  87.81026925  86.89100241]
 [ 99.04259224  95.16094371  91.02930407  89.51795079  88.09641378
   88.75206445  86.84655275  88.24410945  89.66829976  89.28428751]
 [102.89424918  91.95554823  89.93441438  89.69559238  88.31729989
   88.85394577  91.06200382  89.31373423  88.59333531  87.3133887 ]
 [ 93.54941991  93.17078226  91.02422533  90.78651917  89.53631703
   87.72980643  89.6527377   87.84342028  89.31325034  89.25935984]
 [ 96.06497849  91.06682984  89.30528577  90.78773658  88.46791703
   89.56028626  86.37758299  88.97913822  89.03774489  89.19134102]
 [ 93.6957968   89.69084736  89.47995692  88.90994858  90.03708239
   87.21252739  88.30692476  88.79877327  87.7138969   87.76371814]
 [ 91.82760126  88.44428936  89.5856836   89.38598237  89.00785846
   88.05143844  89.44184204  87.71441206  87.47473188  88.30097934]
 [ 94.34140603  89.67534382  88.496397    89.13439258  88.14614534
   87.68242291  89.34220923  87.77217598  88.10644312  87.10817357]
 [ 92.7632552   92.63792052  89.56739969  87.85717672  88.93848217
   87.9420163   43.77972839  43.6357221   43.41421192  44.22705925]
 [ 45.5567441   45.78990181  45.34460434  44.01398631  44.42291625
   44.1864828   43.9077418   43.96348274  45.50967913  43.5751096 ]
 [ 49.36125068  44.58968528  45.25696079  43.68923189  44.68147208
   43.80610585  43.79649062  43.66766138  43.89026133  44.21296874]
 [ 46.23880569  46.45255524  43.82347825  42.88717564  43.94926902
   43.56543872  44.43958397  44.3139775   43.74620753  43.18534158]
 [ 44.33538051  44.4520648   44.25292669  43.3735911   44.34584567
   43.75771512  43.56599812  43.87660459  44.30308372  44.12844394]
 [ 44.69210451  44.48239651  45.00330372  43.36049835  43.85910289
   43.73599509  44.578384    43.47293004  43.85361221  42.91179392]
 [ 42.95302833  44.52181491  43.78871496  43.75971646  43.53482376
   43.321562    43.66269564  43.83851516  43.83487961  43.48266832]
 [ 44.51332019  44.47174499  44.17938355  43.82447139  44.11113011
   44.22147207  43.5780961   44.17469438  44.06378657  42.89816472]
 [ 44.87958314  43.44773107  43.84809483  44.18423556  44.05855216
   43.96305637  43.16729546  43.06916825  43.54745032  44.14994017]
 [ 43.85200497  44.27203347  43.79536372  43.16729546  44.81247515
   43.91254639  43.3735911   43.69708063  44.19468734  43.6362578 ]
 [ 44.28464069  43.66610392  44.57645632  43.5261808   43.73599509
   44.1955938   43.87228017  43.73784253  43.79698349  43.02440219]
 [ 44.08923371  43.63372075  44.16342106  43.52053966  44.37295068
   43.81546936  43.95481821  43.39735156  43.25745119  43.02440219]] [[501.00316716 454.13131492 452.82121183 445.73903665 443.9401608
  440.11728529 432.35584935 434.9747167  435.98044378 429.53028334]
 [493.03277575 473.60370009 448.61880341 445.39495089 433.17429622
  440.18792907 432.16216772 439.9655776  444.68028352 439.25079942]
 [506.28355043 456.67621233 448.29267155 443.89144538 438.72174369
  441.70141686 451.37671013 442.82362016 437.54129306 433.6049835 ]
 [454.85361799 452.79110793 444.67241479 450.83813828 443.28386318
  436.78817115 447.57712949 438.98781929 442.74142315 442.64133883]
 [452.66516974 450.13258329 442.99427718 448.89273029 435.61905783
  441.90659606 428.87175639 438.87348839 434.66584812 443.08296416]
 [461.29534542 444.56990543 446.14198158 439.61652032 443.19947303
  429.1179392  440.64256339 440.00477353 435.17257376 437.63240788]
 [448.49081366 441.78294626 443.69942754 446.06741923 438.71640905
  439.68741063 439.19624541 435.75109598 435.80908072 438.68189395]
 [465.447607   445.51234057 441.11551461 444.0385656  440.17147042
  437.63240788 442.55594827 434.37494235 434.28722109 433.73477303]
 [449.91888424 455.20877313 443.13184831 435.1610075  441.19988096
  435.25053903 437.79728394 436.35722098 434.14211925 442.27059252]
 [455.56744102 457.89901812 453.44604339 440.13986313 444.22916247
  441.86482803 439.07741801 439.63482735 455.09679129 435.75109598]
 [493.61250677 445.89685283 452.56960794 436.89231895 446.81472083
  438.06105848 437.96490618 436.67661378 438.90261326 442.12968737]
 [462.38805695 464.52555237 438.23478255 428.87175639 439.49269016
  435.65438722 444.39583972 443.13977496 437.4620753  431.85341585]
 [443.35380514 444.52064805 442.52926693 433.73591103 443.45845666
  437.57715118 435.65998116 438.76604586 443.03083721 441.28443939]
 [446.92104514 444.82396511 450.03303715 433.6049835  438.59102887
  437.35995089 445.78384002 434.72930039 438.53612214 429.1179392 ]
 [429.53028334 445.21814915 437.88714957 437.59716464 435.34823761
  433.21562005 436.62695637 438.38515159 438.34879607 434.82668322]
 [445.13320188 444.71744989 441.79383551 438.24471387 441.11130111
  442.21472073 435.780961   441.74694385 440.6378657  428.98164717]
 [448.7958314  434.47731066 438.48094833 441.84235562 440.58552158
  439.63056372 431.67295456 430.69168251 435.47450323 441.4994017 ]
 [438.52004973 442.7203347  437.9536372  431.67295456 448.12475153
  439.12546395 433.73591103 436.9708063  441.94687341 436.36257802]
 [442.84640691 436.66103924 445.76456323 435.26180801 437.35995089
  441.95593797 438.72280174 437.3784253  437.96983488 430.24402186]
 [440.89233714 436.33720751 441.63421057 435.20539658 443.72950676
  438.15469363 439.54818213 433.97351561 432.57451187 430.24402186]] 0.8800000000000001 600
